
default z is forward
projetion 
 0.833333     |  0            |  0            |  0            |
 0            |  1.48148      |  0            |  0            |
 0            |  0            |  -1.00002     |  -0.200002    |
 0            |  0            |  -1           |  0            |
 
 
observer space 
 1            |  -0           |  0            |  -0           |
 -0           |  1            |  -0           |  0            |
 0            |  -0           |  1            |  -0           |
 -0           |  0            |  -0           |  1            |
 
 
world transform 
 0.99988      |  -0.0125061   |  -0.0091645   |  2.25477      |
 0.0125058    |  0.999922     |  -8.90212e-   |  -0.0534238   |
 0.00916495   |  -2.55994e-   |  0.999958     |  -8.71666     |
 0            |  0            |  0            |  1            |
 
 
 
 
 x is forward
 
 projetion 
 -1.00002     |  0            |  0            |  -0.200002    |
 0            |  1.48148      |  0            |  0            |
 0            |  0            |  0.833333     |  0            |
 -1           |  0            |  0            |  0            |
 
 observer space 
 1            |  -0           |  0            |  -0           |
 -0           |  1            |  -0           |  0            |
 0            |  -0           |  1            |  -0           |
 -0           |  0            |  -0           |  1            |
 
 world transform 
 0.999979     |  -0.0039103   |  0.00519105   |  15.5413      |
 0.00391054   |  0.999992     |  -3.55015e-   |  0.0170567    |
 -0.0051908   |  5.58005e-0   |  0.999987     |  -9.47485     |
 0            |  0            |  0            |  1            |